{"50": [{"cam_t_m2c": [-154.82518005371094, 38.63206100463867, 988.94482421875], "cam_R_m2c": [-0.9885758757591248, 0.03665757551789284, -0.14619846642017365, 0.09310998767614365, -0.6142353415489197, -0.7836106419563293, -0.11852551251649857, -0.7882710695266724, 0.6038050055503845], "obj_id": 1}, {"cam_t_m2c": [219.62057495117188, -7.576410293579102, 1030.90478515625], "cam_R_m2c": [-0.7783516645431519, 0.01590590551495552, 0.6276270151138306, -0.4736557900905609, -0.6710411310195923, -0.5703980326652527, 0.41209089756011963, -0.7412494421005249, 0.5298398733139038], "obj_id": 1}], "60": [{"cam_t_m2c": [-138.41708374023438, 15.636367797851562, 810.0397338867188], "cam_R_m2c": [-0.8636274933815002, 0.14077576994895935, -0.4840760827064514, 0.293093740940094, -0.6410536766052246, -0.7093279361724854, -0.4101749658584595, -0.7544747591018677, 0.5123711228370667], "obj_id": 1}, {"cam_t_m2c": [197.569580078125, -7.448187828063965, 1032.452880859375], "cam_R_m2c": [-0.7818213701248169, 0.015466218814253807, 0.6233105659484863, -0.46926820278167725, -0.6728342175483704, -0.5719103217124939, 0.4105393588542938, -0.7396315932273865, 0.5332940220832825], "obj_id": 1}], "76": [{"cam_t_m2c": [173.90025329589844, -7.122714042663574, 1035.981201171875], "cam_R_m2c": [-0.789459764957428, 0.028748564422130585, 0.6131287217140198, -0.4699932038784027, -0.6707955002784729, -0.573707103729248, 0.39479073882102966, -0.7410849928855896, 0.5430777072906494], "obj_id": 1}, {"cam_t_m2c": [-129.96376037597656, -16.939382553100586, 816.3897094726562], "cam_R_m2c": [-0.9100337624549866, 0.3042152225971222, -0.2815874218940735, 0.048896126449108124, -0.5957688689231873, -0.8016661405563354, -0.4116400182247162, -0.7433118224143982, 0.527294933795929], "obj_id": 1}], "82": [{"cam_t_m2c": [-131.5247344970703, -24.55219841003418, 788.8742065429688], "cam_R_m2c": [-0.5056857466697693, 0.7974552512168884, 0.32916101813316345, -0.10575024038553238, 0.32136547565460205, -0.9410319328308105, -0.8562118411064148, -0.510675311088562, -0.07817886024713516], "obj_id": 1}, {"cam_t_m2c": [165.7230682373047, -7.115538120269775, 1038.143798828125], "cam_R_m2c": [-0.789907693862915, 0.03883051499724388, 0.6119952201843262, -0.47531643509864807, -0.6693300604820251, -0.5710268020629883, 0.38745352625846863, -0.7419498562812805, 0.5471656918525696], "obj_id": 1}], "92": [{"cam_t_m2c": [-83.0841293334961, -11.116936683654785, 718.7835693359375], "cam_R_m2c": [-0.9309696555137634, 0.3042376637458801, -0.2018289864063263, 0.1124887689948082, -0.28689226508140564, -0.9513354301452637, -0.34733524918556213, -0.908367931842804, 0.23286466300487518], "obj_id": 1}, {"cam_t_m2c": [170.27603149414062, -3.2423439025878906, 1039.98095703125], "cam_R_m2c": [-0.783900260925293, -0.0036638942547142506, 0.6208759546279907, -0.4668344259262085, -0.6558066010475159, -0.5932818651199341, 0.4093483090400696, -0.7549200654029846, 0.5123765468597412], "obj_id": 1}], "94": [{"cam_t_m2c": [-67.79107666015625, -0.7337592840194702, 693.7684326171875], "cam_R_m2c": [-0.9331063628196716, 0.2825220823287964, -0.2224719375371933, 0.14033366739749908, -0.2835184335708618, -0.948643147945404, -0.33108749985694885, -0.9164053201675415, 0.22490550577640533], "obj_id": 1}, {"cam_t_m2c": [178.39886474609375, 0.3049033284187317, 1027.831787109375], "cam_R_m2c": [-0.7698866724967957, -0.04798213392496109, 0.636374294757843, -0.46275922656059265, -0.6446971893310547, -0.6084566712379456, 0.43946367502212524, -0.762930691242218, 0.47413960099220276], "obj_id": 1}], "148": [{"cam_t_m2c": [-102.57552337646484, 126.66863250732422, 892.5885620117188], "cam_R_m2c": [-0.6668806672096252, 0.10484889894723892, 0.7377512454986572, -0.5869506001472473, -0.6838675737380981, -0.43337538838386536, 0.45908522605895996, -0.7220332026481628, 0.5175991654396057], "obj_id": 1}, {"cam_t_m2c": [107.11965942382812, -5.861752510070801, 1043.0611572265625], "cam_R_m2c": [-0.8060722351074219, 0.07768058776855469, 0.5866969227790833, -0.4792189300060272, -0.6673831939697266, -0.5700429081916809, 0.3472703695297241, -0.7406520247459412, 0.5751851201057434], "obj_id": 1}], "192": [{"cam_t_m2c": [83.05191802978516, -4.892049312591553, 1043.5673828125], "cam_R_m2c": [-0.8153148293495178, 0.1026877760887146, 0.569839358329773, -0.4825119972229004, -0.6645105481147766, -0.5706207156181335, 0.32006844878196716, -0.7401898503303528, 0.5913333892822266], "obj_id": 1}, {"cam_t_m2c": [-159.10162353515625, 20.349496841430664, 819.7138671875], "cam_R_m2c": [-0.6698935627937317, -0.7424465417861938, -0.003983482718467712, 0.22871153056621552, -0.20125119388103485, -0.9524646997451782, 0.7063524127006531, -0.6389610171318054, 0.30462294816970825], "obj_id": 1}], "210": [{"cam_t_m2c": [-181.13363647460938, 65.19564819335938, 765.5282592773438], "cam_R_m2c": [-0.8778561353683472, 0.09308917820453644, -0.4697904586791992, 0.3609769344329834, -0.5160490870475769, -0.7767811417579651, -0.31474485993385315, -0.8514856696128845, 0.4194137752056122], "obj_id": 1}, {"cam_t_m2c": [74.826904296875, -5.132291316986084, 1048.9556884765625], "cam_R_m2c": [-0.8191108703613281, 0.10420600324869156, 0.5640907883644104, -0.4814315736293793, -0.6595584154129028, -0.5772402286529541, 0.31189894676208496, -0.744394838809967, 0.590419590473175], "obj_id": 1}], "220": [{"cam_t_m2c": [70.4061279296875, -5.002856731414795, 1045.866455078125], "cam_R_m2c": [-0.819912850856781, 0.10889235138893127, 0.5620367527008057, -0.48193585872650146, -0.6611812710762024, -0.5749584436416626, 0.30899956822395325, -0.742281436920166, 0.5945901274681091], "obj_id": 1}, {"cam_t_m2c": [-189.24871826171875, 69.92675018310547, 766.24853515625], "cam_R_m2c": [-0.8030207753181458, -0.364704966545105, -0.47132548689842224, 0.593256950378418, -0.4140898287296295, -0.6903446316719055, 0.05660102143883705, -0.8339782357215881, 0.5488865971565247], "obj_id": 1}]}