{"50": [{"cam_t_m2c": [-153.73866271972656, 38.181129455566406, 987.1333618164062], "cam_R_m2c": [-0.9887183308601379, 0.045488569885492325, -0.1427123099565506, 0.08803919702768326, -0.5943385362625122, -0.7993814945220947, -0.1211821511387825, -0.8029274344444275, 0.5836286544799805], "obj_id": 1}, {"cam_t_m2c": [219.54185485839844, -8.242445945739746, 1029.2811279296875], "cam_R_m2c": [-0.7752063274383545, 0.00010410263348603621, 0.6317079663276672, -0.46965572237968445, -0.6688644886016846, -0.5762321949005127, 0.42246711254119873, -0.7433841824531555, 0.5185570120811462], "obj_id": 1}], "60": [{"cam_t_m2c": [-131.50753784179688, 12.911755561828613, 775.0551147460938], "cam_R_m2c": [-0.853771448135376, 0.13277481496334076, -0.5034332275390625, 0.3112051784992218, -0.6450509428977966, -0.6978972554206848, -0.4174032509326935, -0.7525157928466797, 0.5094059109687805], "obj_id": 1}, {"cam_t_m2c": [198.00596618652344, -7.977623462677002, 1033.2752685546875], "cam_R_m2c": [-0.7809026837348938, 0.010563625022768974, 0.6245632767677307, -0.4690985083580017, -0.6701534390449524, -0.575187623500824, 0.41247716546058655, -0.7421473264694214, 0.5282800793647766], "obj_id": 1}], "76": [{"cam_t_m2c": [174.47853088378906, -7.73054838180542, 1038.0897216796875], "cam_R_m2c": [-0.7893100380897522, 0.024113226681947708, 0.6135210990905762, -0.4681805670261383, -0.6701074838638306, -0.5759885907173157, 0.3972361981868744, -0.7418721914291382, 0.5402119755744934], "obj_id": 1}, {"cam_t_m2c": [-121.24092864990234, -16.76412582397461, 773.10986328125], "cam_R_m2c": [-0.860310971736908, 0.37118569016456604, -0.3494082987308502, 0.03564271330833435, -0.6399469971656799, -0.7675918936729431, -0.5085219740867615, -0.6728216409683228, 0.5373234152793884], "obj_id": 1}], "82": [{"cam_t_m2c": [-123.17608642578125, -22.8879451751709, 738.26416015625], "cam_R_m2c": [-0.36500996351242065, 0.9053186178207397, 0.21717701852321625, -0.0757048949599266, 0.20363737642765045, -0.9761150479316711, -0.9279205203056335, -0.37273308634757996, -0.005792622920125723], "obj_id": 1}, {"cam_t_m2c": [166.39390563964844, -7.99213171005249, 1040.695068359375], "cam_R_m2c": [-0.7923893928527832, 0.03599923849105835, 0.608952522277832, -0.4719639718532562, -0.6686374545097351, -0.5746076703071594, 0.38648301362991333, -0.7427166700363159, 0.5468115210533142], "obj_id": 1}], "92": [{"cam_t_m2c": [-76.57836151123047, -10.386491775512695, 653.23583984375], "cam_R_m2c": [-0.9012340903282166, 0.3693479299545288, -0.2266257107257843, 0.0986795499920845, -0.33431515097618103, -0.9372810125350952, -0.4219472408294678, -0.8670728802680969, 0.26484912633895874], "obj_id": 1}, {"cam_t_m2c": [168.44406127929688, -5.546280860900879, 1040.1331787109375], "cam_R_m2c": [-0.7759172916412354, -0.0016493749571964145, 0.6308324933052063, -0.47212883830070496, -0.6617052555084229, -0.5824434757232666, 0.41838589310646057, -0.7497621774673462, 0.5126498341560364], "obj_id": 1}], "94": [{"cam_t_m2c": [-59.29149627685547, -1.0979126691818237, 604.9450073242188], "cam_R_m2c": [-0.9004719853401184, 0.34512388706207275, -0.26465052366256714, 0.130906343460083, -0.36521366238594055, -0.9216737747192383, -0.41474559903144836, -0.864585816860199, 0.28368571400642395], "obj_id": 1}, {"cam_t_m2c": [176.16773986816406, -4.070119380950928, 1035.11669921875], "cam_R_m2c": [-0.7566651701927185, -0.04299658536911011, 0.652387261390686, -0.4657210111618042, -0.6648825407028198, -0.5839821696281433, 0.45887017250061035, -0.7457094192504883, 0.4830690920352936], "obj_id": 1}], "148": [{"cam_t_m2c": [-103.53520202636719, 129.7194366455078, 901.3449096679688], "cam_R_m2c": [-0.6538283228874207, 0.10191749781370163, 0.7497473955154419, -0.6053690314292908, -0.6648977994918823, -0.43753764033317566, 0.45391273498535156, -0.7399483919143677, 0.4964267611503601], "obj_id": 1}, {"cam_t_m2c": [107.9187240600586, -6.032049655914307, 1046.995361328125], "cam_R_m2c": [-0.8107264637947083, 0.07721836864948273, 0.5803101658821106, -0.47470733523368835, -0.6668161749839783, -0.5744641423225403, 0.3426010310649872, -0.7412107586860657, 0.5772616863250732], "obj_id": 1}], "192": [{"cam_t_m2c": [84.25509643554688, -5.281677722930908, 1049.840576171875], "cam_R_m2c": [-0.8210515975952148, 0.10433191806077957, 0.5612390041351318, -0.4784277677536011, -0.6621047854423523, -0.5768224000930786, 0.31141799688339233, -0.7421132326126099, 0.5935375094413757], "obj_id": 1}, {"cam_t_m2c": [-154.1881561279297, 24.611331939697266, 784.43505859375], "cam_R_m2c": [-0.5930659770965576, -0.7786177396774292, 0.20500561594963074, 0.2594829499721527, -0.42586416006088257, -0.8667804002761841, 0.7621951699256897, -0.46086251735687256, 0.45460352301597595], "obj_id": 1}], "210": [{"cam_t_m2c": [-174.21832275390625, 60.772377014160156, 756.6795654296875], "cam_R_m2c": [0.7271214723587036, -0.5372586250305176, -0.42737260460853577, -0.2588323950767517, 0.3620448410511017, -0.8955050110816956, 0.6358458995819092, 0.7617587447166443, 0.12419067323207855], "obj_id": 1}, {"cam_t_m2c": [74.95126342773438, -5.277847766876221, 1052.9530029296875], "cam_R_m2c": [-0.8229538798332214, 0.11231297254562378, 0.5568955540657043, -0.4819437563419342, -0.6570355296134949, -0.5796847939491272, 0.3007940649986267, -0.7454462051391602, 0.5948385000228882], "obj_id": 1}], "220": [{"cam_t_m2c": [71.11003112792969, -5.397321701049805, 1051.2833251953125], "cam_R_m2c": [-0.8257735967636108, 0.11619783937931061, 0.5519022345542908, -0.47923460602760315, -0.6605079770088196, -0.5779823064804077, 0.29737553000450134, -0.7417731881141663, 0.6011160612106323], "obj_id": 1}, {"cam_t_m2c": [-175.77943420410156, 64.68406677246094, 737.5332641601562], "cam_R_m2c": [0.4929083287715912, -0.8436359763145447, 0.21288453042507172, -0.40736132860183716, -0.43995875120162964, -0.800308108329773, 0.7688291668891907, 0.3077576160430908, -0.5605239272117615], "obj_id": 1}]}