{"1": [{"cam_t_m2c": [-13.670417785644531, 6.526207447052002, 1028.147705078125], "cam_R_m2c": [-0.9835176467895508, 0.044017042964696884, -0.1753724217414856, 0.10853657871484756, -0.6320114731788635, -0.7673208713531494, -0.14461258053779602, -0.773707926273346, 0.6168169379234314], "obj_id": 1}, {"cam_t_m2c": [353.8681640625, -26.093372344970703, 1022.8438110351562], "cam_R_m2c": [-0.9989207983016968, 0.0266247745603323, -0.03805822506546974, 0.013210389763116837, -0.6226901412010193, -0.7823570966720581, -0.04452855512499809, -0.7820155024528503, 0.6216663718223572], "obj_id": 1}], "9": [{"cam_t_m2c": [-15.056061744689941, -52.744014739990234, 771.5938720703125], "cam_R_m2c": [-0.9562064409255981, 0.08351755887269974, 0.28052467107772827, -0.28837645053863525, -0.10482480376958847, -0.9517619609832764, -0.050082892179489136, -0.9909776449203491, 0.12431863695383072], "obj_id": 1}, {"cam_t_m2c": [351.0889587402344, -26.04177474975586, 1017.3152465820312], "cam_R_m2c": [-0.9985485672950745, 0.03206387162208557, -0.04327445104718208, 0.014168397523462772, -0.6187953948974609, -0.7854244709014893, -0.051961787045001984, -0.7848976254463196, 0.6174429655075073], "obj_id": 1}], "17": [{"cam_t_m2c": [-32.190711975097656, -111.52702331542969, 800.3751831054688], "cam_R_m2c": [-0.9983230829238892, 0.04248209670186043, 0.03932169824838638, -0.04746556654572487, -0.21191813051700592, -0.9761341214179993, -0.03313523903489113, -0.9763636589050293, 0.2135792076587677], "obj_id": 1}, {"cam_t_m2c": [360.00732421875, -26.568767547607422, 1040.8582763671875], "cam_R_m2c": [-0.9995312690734863, 0.015543520450592041, -0.026375802233815193, 0.010711641982197762, -0.6295217275619507, -0.7769091129302979, -0.02868003398180008, -0.7768274545669556, 0.6290600895881653], "obj_id": 1}], "23": [{"cam_t_m2c": [-52.89384841918945, -166.39967346191406, 861.8872680664062], "cam_R_m2c": [-0.9565961956977844, 0.25838175415992737, -0.13476815819740295, 0.1950967013835907, 0.22429221868515015, -0.9547932744026184, -0.21647372841835022, -0.939644455909729, -0.26496654748916626], "obj_id": 1}, {"cam_t_m2c": [356.9638671875, -26.963245391845703, 1030.923095703125], "cam_R_m2c": [-0.9994184374809265, 0.01974737085402012, -0.027797706425189972, 0.009121721610426903, -0.6306805610656738, -0.7759888768196106, -0.03285520151257515, -0.7757911682128906, 0.6301336884498596], "obj_id": 1}], "44": [{"cam_t_m2c": [102.94676971435547, -85.37053680419922, 863.6795043945312], "cam_R_m2c": [-0.943968653678894, -0.3300307095050812, -0.0017354239244014025, 0.05690582096576691, -0.15758053958415985, -0.9858651757240295, 0.3250923156738281, -0.9307246208190918, 0.16753175854682922], "obj_id": 1}, {"cam_t_m2c": [-46.79058074951172, 54.95457458496094, 976.2315673828125], "cam_R_m2c": [-0.985008716583252, 0.013044166378676891, -0.17201049625873566, 0.12005306780338287, -0.6642060875892639, -0.7378464341163635, -0.12387502193450928, -0.7474355697631836, 0.6526828408241272], "obj_id": 1}]}