{"1": [{"cam_t_m2c": [-13.145625114440918, 6.605774879455566, 1046.521240234375], "cam_R_m2c": [-0.9854645729064941, 0.031084395945072174, -0.1670132726430893, 0.11084557324647903, -0.6273501515388489, -0.7708079814910889, -0.12873591482639313, -0.7781167030334473, 0.6147857308387756], "obj_id": 1}, {"cam_t_m2c": [379.3976745605469, -27.536090850830078, 1105.6942138671875], "cam_R_m2c": [-0.9996354579925537, 0.018354518339037895, -0.019801314920186996, 0.0043742177076637745, -0.6136075258255005, -0.7895991206169128, -0.026642946526408195, -0.7893978357315063, 0.613303542137146], "obj_id": 1}], "9": [{"cam_t_m2c": [-13.540135383605957, -50.93669891357422, 770.0917358398438], "cam_R_m2c": [-0.9446553587913513, 0.18916742503643036, 0.2680332362651825, -0.28775930404663086, -0.0854300707578659, -0.9538847804069519, -0.15754584968090057, -0.9782214760780334, 0.135136678814888], "obj_id": 1}, {"cam_t_m2c": [383.2681884765625, -29.00727081298828, 1108.0780029296875], "cam_R_m2c": [-0.9995397329330444, 0.020532924681901932, -0.022336788475513458, 0.004760439042001963, -0.6209554076194763, -0.7838314771652222, -0.029964497312903404, -0.783577024936676, 0.6205717325210571], "obj_id": 1}], "17": [{"cam_t_m2c": [-32.012821197509766, -112.90959167480469, 810.0845336914062], "cam_R_m2c": [-0.9974422454833984, 0.06849634647369385, 0.02042674832046032, -0.03539753705263138, -0.22508588433265686, -0.973695695400238, -0.06209683045744896, -0.9719282984733582, 0.2269347608089447], "obj_id": 1}, {"cam_t_m2c": [383.2037048339844, -27.98334312438965, 1107.42041015625], "cam_R_m2c": [-0.9998932480812073, 0.010425434447824955, -0.01024074200540781, 0.001330600120127201, -0.632901132106781, -0.7742315530776978, -0.0145530691370368, -0.7741625905036926, 0.632819652557373], "obj_id": 1}], "23": [{"cam_t_m2c": [-61.656211853027344, -192.77134704589844, 994.2047119140625], "cam_R_m2c": [-0.933451235294342, 0.3394204378128052, -0.11602868139743805, 0.19637148082256317, 0.2128528207540512, -0.9571478366851807, -0.30017849802970886, -0.9162355661392212, -0.2653401792049408], "obj_id": 1}, {"cam_t_m2c": [383.0997314453125, -29.70401382446289, 1105.228515625], "cam_R_m2c": [-0.9998452067375183, 0.012732109986245632, -0.012144052423536777, 0.0012856177054345608, -0.6354890465736389, -0.772108793258667, -0.017547965049743652, -0.7720049023628235, 0.6353743076324463], "obj_id": 1}], "44": [{"cam_t_m2c": [100.78752899169922, -84.87783813476562, 857.892333984375], "cam_R_m2c": [-0.9039269685745239, -0.42720451951026917, 0.020303042605519295, 0.04759899899363518, -0.14766515791416168, -0.9878913760185242, 0.4250296950340271, -0.892015278339386, 0.15381304919719696], "obj_id": 1}, {"cam_t_m2c": [-51.06069564819336, 54.19953155517578, 1002.1903686523438], "cam_R_m2c": [-0.9869141578674316, 0.037840310484170914, -0.15674366056919098, 0.09401468187570572, -0.6547133326530457, -0.7500078082084656, -0.13100269436836243, -0.7549295425415039, 0.6425883173942566], "obj_id": 1}]}