{"22": [{"cam_t_m2c": [-272.9728698730469, 22.39920997619629, 974.5516967773438], "cam_R_m2c": [-0.9883110523223877, 0.03774183988571167, -0.14770552515983582, 0.08739852160215378, -0.6535797715187073, -0.7517945766448975, -0.12491144239902496, -0.7559161186218262, 0.6426414847373962], "obj_id": 1}, {"cam_t_m2c": [38.35429763793945, 3.8533928394317627, 1044.22607421875], "cam_R_m2c": [-0.9884957075119019, 0.0684797465801239, -0.13485799729824066, 0.05933269485831261, -0.6445918679237366, -0.762221097946167, -0.13912507891654968, -0.7614538073539734, 0.6331132650375366], "obj_id": 1}], "36": [{"cam_t_m2c": [-277.4889831542969, 22.417943954467773, 973.7027587890625], "cam_R_m2c": [-0.9886298775672913, 0.039727527648210526, -0.14502647519111633, 0.08402620255947113, -0.6538809537887573, -0.7519170045852661, -0.12470187246799469, -0.7555537223815918, 0.643108069896698], "obj_id": 1}, {"cam_t_m2c": [33.884300231933594, 4.065231800079346, 1044.15771484375], "cam_R_m2c": [-0.9869760870933533, 0.07363660633563995, -0.14302396774291992, 0.0623810812830925, -0.6443188190460205, -0.7622085213661194, -0.14827948808670044, -0.7612036466598511, 0.6313337087631226], "obj_id": 1}], "78": [{"cam_t_m2c": [-287.8520202636719, 22.4328556060791, 971.7157592773438], "cam_R_m2c": [-0.9871112704277039, 0.043804094195365906, -0.15392406284809113, 0.08810830116271973, -0.6541668176651001, -0.751200795173645, -0.1335977017879486, -0.7550807595252991, 0.6418759226799011], "obj_id": 1}, {"cam_t_m2c": [23.62943458557129, 4.41691780090332, 1043.0462646484375], "cam_R_m2c": [-0.9864639639854431, 0.07805416733026505, -0.14420996606349945, 0.06102762743830681, -0.6415143609046936, -0.7646796703338623, -0.15219919383525848, -0.763129711151123, 0.6280672550201416], "obj_id": 1}], "106": [{"cam_t_m2c": [56.0159912109375, -65.7668685913086, 904.3087768554688], "cam_R_m2c": [-0.9461497068405151, 0.05912015587091446, 0.31828543543815613, -0.2827575206756592, -0.6296669244766235, -0.7235797643661499, 0.15763568878173828, -0.7746123671531677, 0.6124758720397949], "obj_id": 1}, {"cam_t_m2c": [-293.9084167480469, 22.1907901763916, 970.2879638671875], "cam_R_m2c": [-0.9875130653381348, 0.04825775697827339, -0.14996379613876343, 0.08221729844808578, -0.6541318297386169, -0.7518988847732544, -0.1343810260295868, -0.7548395991325378, 0.6419960856437683], "obj_id": 1}], "116": [{"cam_t_m2c": [-296.03204345703125, 22.21489906311035, 969.809326171875], "cam_R_m2c": [-0.9870230555534363, 0.048177268356084824, -0.15318141877651215, 0.08485589921474457, -0.6533764600753784, -0.7522624135017395, -0.13632707297801971, -0.7554987072944641, 0.6408094763755798], "obj_id": 1}, {"cam_t_m2c": [48.020294189453125, -64.62154388427734, 912.2691040039062], "cam_R_m2c": [-0.9984328150749207, -0.04074440896511078, -0.038363877683877945, 0.04659481346607208, -0.225529745221138, -0.9731213450431824, 0.030997060239315033, -0.9733838438987732, 0.22707480192184448], "obj_id": 1}], "130": [{"cam_t_m2c": [183.18814086914062, -62.79304504394531, 946.9432373046875], "cam_R_m2c": [-0.7094049453735352, -0.029047619551420212, 0.7042022943496704, -0.535548746585846, -0.6273205876350403, -0.5653817057609558, 0.45818355679512024, -0.7782192230224609, 0.4294678866863251], "obj_id": 1}, {"cam_t_m2c": [-298.3122863769531, 21.97965431213379, 969.5714111328125], "cam_R_m2c": [-0.9862149953842163, 0.05191243067383766, -0.15711472928524017, 0.08546102792024612, -0.6532671451568604, -0.7522887587547302, -0.14169104397296906, -0.7553455829620361, 0.6398254036903381], "obj_id": 1}], "132": [{"cam_t_m2c": [175.35263061523438, -73.24552917480469, 953.804931640625], "cam_R_m2c": [-0.8020620942115784, 0.06963010132312775, 0.593167781829834, -0.5037197470664978, -0.6124709248542786, -0.6092174053192139, 0.32087811827659607, -0.7874205708503723, 0.5263137817382812], "obj_id": 1}, {"cam_t_m2c": [-298.78924560546875, 21.96385383605957, 969.4649047851562], "cam_R_m2c": [-0.986337423324585, 0.052060965448617935, -0.15629535913467407, 0.08470281213521957, -0.6534662842750549, -0.7522016763687134, -0.14129409193992615, -0.755163311958313, 0.6401284337043762], "obj_id": 1}], "152": [{"cam_t_m2c": [124.41500091552734, -70.09326171875, 919.69921875], "cam_R_m2c": [-0.9925538897514343, 0.12129640579223633, 0.011134885251522064, -0.08230901509523392, -0.6005107164382935, -0.7953692078590393, -0.08978878706693649, -0.7903633117675781, 0.6060230135917664], "obj_id": 1}, {"cam_t_m2c": [-302.8528137207031, 21.699979782104492, 968.4799194335938], "cam_R_m2c": [-0.9855492115020752, 0.05439389497041702, -0.16041839122772217, 0.0862680971622467, -0.6538398265838623, -0.7516989707946777, -0.14577578008174896, -0.7546753287315369, 0.63969886302948], "obj_id": 1}], "168": [{"cam_t_m2c": [-305.8121337890625, 21.944988250732422, 967.908447265625], "cam_R_m2c": [-0.985602855682373, 0.05518503859639168, -0.15981721878051758, 0.08549698442220688, -0.6528100967407227, -0.7526813745498657, -0.14586704969406128, -0.7555087208747864, 0.6386933922767639], "obj_id": 1}, {"cam_t_m2c": [121.02174377441406, -66.49486541748047, 912.9573974609375], "cam_R_m2c": [-0.9917657971382141, 0.12561719119548798, -0.024917636066675186, -0.05764340981841087, -0.6116201877593994, -0.7890487909317017, -0.11435822397470474, -0.7811152935028076, 0.6138249635696411], "obj_id": 1}], "186": [{"cam_t_m2c": [78.82296752929688, -113.9263687133789, 733.0805053710938], "cam_R_m2c": [-0.971126139163971, 0.022371375933289528, 0.23751559853553772, -0.23856651782989502, -0.09267380088567734, -0.966694176197052, 0.00038519359077326953, -0.9954453110694885, 0.09533502161502838], "obj_id": 1}, {"cam_t_m2c": [-308.8477783203125, 22.64143180847168, 966.5811767578125], "cam_R_m2c": [-0.9853901267051697, 0.059782568365335464, -0.1594751477241516, 0.08182578533887863, -0.6550377607345581, -0.7511525750160217, -0.1493680626153946, -0.7532274723052979, 0.6405759453773499], "obj_id": 1}], "192": [{"cam_t_m2c": [96.4683837890625, -139.0142059326172, 722.1751098632812], "cam_R_m2c": [-0.7437406182289124, 0.5591666102409363, 0.3663094639778137, -0.5103647708892822, -0.12108466029167175, -0.8513908386230469, -0.43171483278274536, -0.8201654553413391, 0.375434547662735], "obj_id": 1}, {"cam_t_m2c": [-310.1278991699219, 22.56563377380371, 966.7069091796875], "cam_R_m2c": [-0.9852352738380432, 0.060454126447439194, -0.1601770520210266, 0.08199825882911682, -0.654673159122467, -0.7514514923095703, -0.15029196441173553, -0.7534907460212708, 0.6400499939918518], "obj_id": 1}], "210": [{"cam_t_m2c": [-313.5802001953125, 22.552148818969727, 965.3255615234375], "cam_R_m2c": [-0.984712541103363, 0.06156880035996437, -0.16294308006763458, 0.08370243012905121, -0.6531131267547607, -0.7526201605796814, -0.1527581810951233, -0.7547532320022583, 0.6379753351211548], "obj_id": 1}, {"cam_t_m2c": [77.35501861572266, -121.43255615234375, 774.0355834960938], "cam_R_m2c": [-0.9030107855796814, -0.06899521499872208, 0.4240415394306183, -0.4054300785064697, 0.463366836309433, -0.7879833579063416, -0.14211969077587128, -0.8834766149520874, -0.44639796018600464], "obj_id": 1}]}