{"22": [{"cam_t_m2c": [-273.9259338378906, 22.42017364501953, 973.9996948242188], "cam_R_m2c": [-0.9880417585372925, 0.04007923603057861, -0.14888641238212585, 0.08676476031541824, -0.6537021398544312, -0.7517615556716919, -0.127457395195961, -0.7556899189949036, 0.6424075365066528], "obj_id": 1}, {"cam_t_m2c": [37.55915069580078, 3.8314123153686523, 1042.26806640625], "cam_R_m2c": [-0.9884765148162842, 0.06710945069789886, -0.1356850266456604, 0.061347197741270065, -0.6418467164039612, -0.7643751502037048, -0.13838577270507812, -0.7638907432556152, 0.6303334832191467], "obj_id": 1}], "36": [{"cam_t_m2c": [-277.8708190917969, 22.761070251464844, 973.4994506835938], "cam_R_m2c": [-0.9883257746696472, 0.04021451249718666, -0.14695219695568085, 0.08490532636642456, -0.6554954648017883, -0.7504111528396606, -0.12650388479232788, -0.7541277408599854, 0.6444286704063416], "obj_id": 1}, {"cam_t_m2c": [33.6021614074707, 4.233863830566406, 1043.2713623046875], "cam_R_m2c": [-0.9871264696121216, 0.0731501430273056, -0.14223362505435944, 0.06254642456769943, -0.6419172883033752, -0.7642186284065247, -0.1472049206495285, -0.7632766366004944, 0.6290782690048218], "obj_id": 1}], "78": [{"cam_t_m2c": [-288.1557312011719, 22.659631729125977, 971.5222778320312], "cam_R_m2c": [-0.9870367646217346, 0.045742250978946686, -0.15383730828762054, 0.08670133352279663, -0.6546530723571777, -0.7509408593177795, -0.13505980372428894, -0.7545441389083862, 0.6422008275985718], "obj_id": 1}, {"cam_t_m2c": [23.199766159057617, 4.517233371734619, 1042.531982421875], "cam_R_m2c": [-0.9862099289894104, 0.0783042460680008, -0.1458026021718979, 0.06243234500288963, -0.639872670173645, -0.7659407258033752, -0.15327151119709015, -0.7644811868667603, 0.6261600255966187], "obj_id": 1}], "106": [{"cam_t_m2c": [57.04737854003906, -66.6533203125, 919.4041137695312], "cam_R_m2c": [-0.9341095089912415, 0.04175303876399994, 0.3545365333557129, -0.2992182672023773, -0.633227527141571, -0.7137866020202637, 0.19469955563545227, -0.7728386521339417, 0.6039971113204956], "obj_id": 1}, {"cam_t_m2c": [-294.112548828125, 22.661203384399414, 970.2236328125], "cam_R_m2c": [-0.9872696399688721, 0.05090359225869179, -0.1506902575492859, 0.08086773753166199, -0.655174732208252, -0.7511368989944458, -0.13696399331092834, -0.7537606358528137, 0.6427175998687744], "obj_id": 1}], "116": [{"cam_t_m2c": [-295.77471923828125, 22.831079483032227, 969.663818359375], "cam_R_m2c": [-0.9871200919151306, 0.05196509137749672, -0.1513059288263321, 0.08046576380729675, -0.6561654210090637, -0.7503147125244141, -0.13827188313007355, -0.7528256773948669, 0.6435326933860779], "obj_id": 1}, {"cam_t_m2c": [48.79669952392578, -64.2326889038086, 921.9623413085938], "cam_R_m2c": [-0.998820960521698, 0.01359220314770937, -0.04660238325595856, 0.040035832673311234, -0.31225457787513733, -0.9491544961929321, -0.02745291031897068, -0.9499012231826782, 0.3113422691822052], "obj_id": 1}], "130": [{"cam_t_m2c": [186.13662719726562, -63.79039001464844, 963.8575439453125], "cam_R_m2c": [-0.7316423654556274, 0.01043026801198721, 0.6816087961196899, -0.5292831063270569, -0.6388221979141235, -0.5583596229553223, 0.42960304021835327, -0.769283652305603, 0.4729100167751312], "obj_id": 1}, {"cam_t_m2c": [-298.9376220703125, 22.464630126953125, 968.34521484375], "cam_R_m2c": [-0.9860386252403259, 0.05628634989261627, -0.1567153036594391, 0.08188527077436447, -0.6555782556533813, -0.750674307346344, -0.14499187469482422, -0.75302654504776, 0.6418164968490601], "obj_id": 1}], "132": [{"cam_t_m2c": [177.75575256347656, -74.7321548461914, 966.6939086914062], "cam_R_m2c": [-0.7958044409751892, 0.07593604922294617, 0.6007737517356873, -0.5075783133506775, -0.6246975064277649, -0.5933948755264282, 0.33024170994758606, -0.7771660089492798, 0.5356804728507996], "obj_id": 1}, {"cam_t_m2c": [-299.18145751953125, 22.57718276977539, 968.7197875976562], "cam_R_m2c": [-0.9859552383422852, 0.05615141987800598, -0.15728776156902313, 0.08248132467269897, -0.6552014350891113, -0.7509380578994751, -0.14522139728069305, -0.753364622592926, 0.6413677930831909], "obj_id": 1}], "152": [{"cam_t_m2c": [126.69774627685547, -71.34857940673828, 932.3917236328125], "cam_R_m2c": [-0.9939655661582947, 0.1078294962644577, 0.020133981481194496, -0.08126343041658401, -0.6005556583404541, -0.7954427003860474, -0.07368061691522598, -0.7922787666320801, 0.6056941747665405], "obj_id": 1}, {"cam_t_m2c": [-303.407470703125, 22.210121154785156, 967.7024536132812], "cam_R_m2c": [-0.9851782321929932, 0.05806293711066246, -0.16140781342983246, 0.08460342884063721, -0.6540780067443848, -0.7516809105873108, -0.1492180973291397, -0.7541953325271606, 0.639471173286438], "obj_id": 1}], "168": [{"cam_t_m2c": [-306.1075744628906, 22.615739822387695, 967.3064575195312], "cam_R_m2c": [-0.9855794310569763, 0.05961277335882187, -0.15836505591869354, 0.08121081441640854, -0.6544230580329895, -0.7517547011375427, -0.14845193922519684, -0.7537749409675598, 0.6401447057723999], "obj_id": 1}, {"cam_t_m2c": [124.13644409179688, -67.17639923095703, 928.205322265625], "cam_R_m2c": [-0.9946766495704651, 0.1030382588505745, -0.0012516530696302652, -0.06214217469096184, -0.6094883680343628, -0.7903558015823364, -0.08219976723194122, -0.786070704460144, 0.612646758556366], "obj_id": 1}], "186": [{"cam_t_m2c": [79.35964965820312, -115.60265350341797, 746.1242065429688], "cam_R_m2c": [-0.9694229364395142, 0.0009616203606128693, 0.2453940510749817, -0.24262148141860962, -0.15370285511016846, -0.9578675627708435, 0.03679667040705681, -0.9881166815757751, 0.14923639595508575], "obj_id": 1}, {"cam_t_m2c": [-309.62158203125, 23.043426513671875, 965.3308715820312], "cam_R_m2c": [-0.9852453470230103, 0.06353809684515, -0.1589168757200241, 0.07856128364801407, -0.6570345759391785, -0.749755859375, -0.1520519256591797, -0.7511781454086304, 0.6423485279083252], "obj_id": 1}], "192": [{"cam_t_m2c": [97.79469299316406, -145.36265563964844, 741.5408325195312], "cam_R_m2c": [-0.7807243466377258, 0.31301647424697876, 0.5408236980438232, -0.5998544096946716, -0.13296358287334442, -0.7889837622642517, -0.17505508661270142, -0.9403942823410034, 0.2915722131729126], "obj_id": 1}, {"cam_t_m2c": [-310.6490783691406, 22.920167922973633, 966.552490234375], "cam_R_m2c": [-0.9847320318222046, 0.0671224445104599, -0.1606157124042511, 0.0779266431927681, -0.6550806164741516, -0.7515296936035156, -0.1556607335805893, -0.7525715827941895, 0.6398482322692871], "obj_id": 1}], "210": [{"cam_t_m2c": [-313.9885559082031, 22.83706283569336, 965.2667846679688], "cam_R_m2c": [-0.9844099879264832, 0.06779772788286209, -0.16229750216007233, 0.07882392406463623, -0.6548328995704651, -0.7516520619392395, -0.15723802149295807, -0.752726674079895, 0.6392799615859985], "obj_id": 1}, {"cam_t_m2c": [77.2016372680664, -123.27047729492188, 778.7163696289062], "cam_R_m2c": [-0.9064700603485107, -0.05268098786473274, 0.41897109150886536, -0.41421839594841003, 0.3037635087966919, -0.85799241065979, -0.08206824213266373, -0.9512898921966553, -0.29717394709587097], "obj_id": 1}]}