{"3": [{"cam_t_m2c": [-179.33258056640625, -63.92783737182617, 732.9401245117188], "cam_R_m2c": [-0.9919090867042542, 0.00934013444930315, 0.1266060620546341, -0.09203589707612991, -0.7398139834403992, -0.6664868593215942, 0.08743985742330551, -0.6727466583251953, 0.734687864780426], "obj_id": 1}, {"cam_t_m2c": [255.97650146484375, -59.69449234008789, 728.95556640625], "cam_R_m2c": [-0.9964974522590637, 0.00016375852283090353, 0.08362279832363129, -0.05755181238055229, -0.7268341779708862, -0.6843974590301514, 0.06066782772541046, -0.6868129372596741, 0.724297821521759], "obj_id": 1}], "6": [{"cam_t_m2c": [-179.0592041015625, -63.99224853515625, 732.6663208007812], "cam_R_m2c": [-0.9920024871826172, 0.008916513063013554, 0.12590338289737701, -0.09118419885635376, -0.7403430938720703, -0.6660162806510925, 0.08727314323186874, -0.6721702218055725, 0.7352351546287537], "obj_id": 1}, {"cam_t_m2c": [255.63714599609375, -59.79400634765625, 728.5798950195312], "cam_R_m2c": [-0.9965478181838989, -0.0007712756632827222, 0.08301734179258347, -0.0565374456346035, -0.7259448170661926, -0.6854251027107239, 0.0607946515083313, -0.6877524852752686, 0.7233951091766357], "obj_id": 1}], "50": [{"cam_t_m2c": [83.15469360351562, -12.865157127380371, 616.3167114257812], "cam_R_m2c": [-0.7538025975227356, -0.1618967354297638, 0.6368445754051208, -0.4431167542934418, -0.5904058814048767, -0.6745875477790833, 0.4852103292942047, -0.7907023429870605, 0.3733104467391968], "obj_id": 1}, {"cam_t_m2c": [-184.13307189941406, -64.19990539550781, 734.9251098632812], "cam_R_m2c": [-0.9917426705360413, 0.009470336139202118, 0.12789388000965118, -0.0930100753903389, -0.7397121787071228, -0.6664645671844482, 0.08829302340745926, -0.6728567481040955, 0.7344849705696106], "obj_id": 1}], "60": [{"cam_t_m2c": [-179.71165466308594, -64.02149963378906, 732.668701171875], "cam_R_m2c": [-0.9919987320899963, 0.009727388620376587, 0.1258726716041565, -0.09200012683868408, -0.7384692430496216, -0.6679813861846924, 0.08645540475845337, -0.6742169857025146, 0.73345547914505], "obj_id": 1}, {"cam_t_m2c": [134.37501525878906, -22.97565269470215, 628.5828857421875], "cam_R_m2c": [-0.9958994388580322, -0.042682353407144547, 0.07976491749286652, -0.039833616465330124, -0.5847453474998474, -0.8102383017539978, 0.08122503757476807, -0.8100932240486145, 0.5806474089622498], "obj_id": 1}], "89": [{"cam_t_m2c": [-152.4728546142578, 23.467369079589844, 646.2041625976562], "cam_R_m2c": [-0.9855385422706604, 0.15230228006839752, -0.07428227365016937, 0.04788216948509216, -0.1702025830745697, -0.9842451214790344, -0.1625458151102066, -0.9735682010650635, 0.16044862568378448], "obj_id": 1}, {"cam_t_m2c": [246.49932861328125, -57.00611877441406, 726.9901733398438], "cam_R_m2c": [-0.9967470169067383, -0.001428995281457901, 0.08058154582977295, -0.05445101112127304, -0.7251946330070496, -0.6863875389099121, 0.05941815301775932, -0.6885425448417664, 0.7227577567100525], "obj_id": 1}], "98": [{"cam_t_m2c": [246.67320251464844, -56.92644119262695, 726.0227661132812], "cam_R_m2c": [-0.9967853426933289, 0.0006316571380011737, 0.08011665940284729, -0.05558932572603226, -0.7255659103393555, -0.6859036684036255, 0.05769665539264679, -0.6881523728370667, 0.7232685089111328], "obj_id": 1}, {"cam_t_m2c": [-164.650634765625, 1.7958747148513794, 644.3092041015625], "cam_R_m2c": [-0.9900250434875488, 0.08647803217172623, -0.11122964322566986, 0.07177375257015228, -0.3697887659072876, -0.9263393878936768, -0.12123949080705643, -0.9250826239585876, 0.359893262386322], "obj_id": 1}], "100": [{"cam_t_m2c": [-186.80760192871094, -49.02701187133789, 655.0552368164062], "cam_R_m2c": [-0.7434821128845215, 0.4741574823856354, -0.4716026484966278, 0.3604893684387207, -0.30981695652008057, -0.8798072338104248, -0.5632777214050293, -0.8241286873817444, 0.05941462144255638], "obj_id": 1}, {"cam_t_m2c": [247.14169311523438, -57.00006103515625, 727.5933227539062], "cam_R_m2c": [-0.9970587491989136, 0.00011179727880517021, 0.0766414925456047, -0.052919529378414154, -0.7243539690971375, -0.6873941421508789, 0.05543873831629753, -0.6894280910491943, 0.7222293615341187], "obj_id": 1}], "104": [{"cam_t_m2c": [246.7924346923828, -56.99000549316406, 725.9376831054688], "cam_R_m2c": [-0.9970620274543762, 0.0009469869546592236, 0.07659276574850082, -0.05350390821695328, -0.7241683006286621, -0.6875447034835815, 0.05481495335698128, -0.689622700214386, 0.7220913171768188], "obj_id": 1}, {"cam_t_m2c": [-157.4139404296875, -89.90165710449219, 628.8724365234375], "cam_R_m2c": [-0.8926937580108643, 0.2516162097454071, -0.3738812506198883, 0.12380298972129822, -0.6607848405838013, -0.7402946949005127, -0.43332523107528687, -0.7071440815925598, 0.5587276220321655], "obj_id": 1}], "108": [{"cam_t_m2c": [257.0890808105469, -56.70454788208008, 727.4873046875], "cam_R_m2c": [-0.9963865280151367, -0.014728019945323467, 0.08364786207675934, -0.04671236500144005, -0.7275004982948303, -0.684515118598938, 0.07093540579080582, -0.6859489679336548, 0.7241837978363037], "obj_id": 1}, {"cam_t_m2c": [-69.01454162597656, -25.777833938598633, 521.3019409179688], "cam_R_m2c": [-0.9932124614715576, 0.09269966930150986, -0.070254847407341, 0.03057788498699665, -0.3746683597564697, -0.9266545176506042, -0.1122228354215622, -0.9225130677223206, 0.3692907392978668], "obj_id": 1}], "116": [{"cam_t_m2c": [-256.22467041015625, -80.93383026123047, 744.3746337890625], "cam_R_m2c": [-0.5635020136833191, -0.014202188700437546, -0.8259925842285156, 0.5534126162528992, -0.7488329410552979, -0.36466920375823975, -0.6133514046669006, -0.6626065373420715, 0.42982855439186096], "obj_id": 1}, {"cam_t_m2c": [247.19369506835938, -57.08519744873047, 727.7114868164062], "cam_R_m2c": [-0.9972978830337524, 0.002119293436408043, 0.07343336194753647, -0.052055809646844864, -0.7257130742073059, -0.6860253810882568, 0.051837652921676636, -0.6879943013191223, 0.7238624095916748], "obj_id": 1}], "127": [{"cam_t_m2c": [-177.0231475830078, -63.07672119140625, 732.5311279296875], "cam_R_m2c": [-0.994600772857666, 0.004517102148383856, 0.10367748141288757, -0.07320041209459305, -0.738704264163971, -0.6700430512428284, 0.07356034219264984, -0.6740145683288574, 0.73504638671875], "obj_id": 1}, {"cam_t_m2c": [247.7274932861328, -57.85942077636719, 728.0699462890625], "cam_R_m2c": [-0.9981726408004761, 0.005825555883347988, 0.060145001858472824, -0.045983120799064636, -0.718986988067627, -0.693500816822052, 0.039203424006700516, -0.6949992179870605, 0.7179409861564636], "obj_id": 1}], "134": [{"cam_t_m2c": [-196.45254516601562, -59.9199333190918, 729.4979248046875], "cam_R_m2c": [-0.997197687625885, 0.008869164623320103, 0.07428431510925293, -0.056786611676216125, -0.7361676096916199, -0.674412727355957, 0.048704225569963455, -0.6767412424087524, 0.7346082329750061], "obj_id": 1}, {"cam_t_m2c": [231.3170166015625, -61.23094940185547, 730.8218994140625], "cam_R_m2c": [-0.9989677667617798, 0.0009696029592305422, 0.04541449621319771, -0.03196172043681145, -0.7254202961921692, -0.6875638365745544, 0.0322779156267643, -0.6883056163787842, 0.7247024178504944], "obj_id": 1}], "138": [{"cam_t_m2c": [-347.2206115722656, -13.134292602539062, 693.024169921875], "cam_R_m2c": [-0.9913691282272339, -0.07896185666322708, -0.10465310513973236, 0.12957251071929932, -0.7116535902023315, -0.6904782652854919, -0.01995529793202877, -0.698078989982605, 0.7157427072525024], "obj_id": 1}, {"cam_t_m2c": [44.24813461303711, -85.30325317382812, 757.1357421875], "cam_R_m2c": [-0.9813940525054932, -0.0013896183809265494, -0.1919994354248047, 0.13141371309757233, -0.7339203953742981, -0.6664018034934998, -0.13998624682426453, -0.6792341470718384, 0.7204477190971375], "obj_id": 1}], "183": [{"cam_t_m2c": [-115.31681823730469, -101.65437316894531, 735.67333984375], "cam_R_m2c": [-0.9831227660179138, -0.001868582097813487, 0.18293726444244385, -0.12609879672527313, -0.7175503373146057, -0.6849966645240784, 0.13254667818546295, -0.6965039372444153, 0.7052046060562134], "obj_id": 1}, {"cam_t_m2c": [299.3652648925781, -75.0964584350586, 718.974853515625], "cam_R_m2c": [-0.9930562376976013, 0.008942663669586182, 0.11730049550533295, -0.09027320146560669, -0.697285532951355, -0.7110863327980042, 0.0754329264163971, -0.7167377471923828, 0.6932509541511536], "obj_id": 1}], "197": [{"cam_t_m2c": [173.2425079345703, -133.186767578125, 729.2154541015625], "cam_R_m2c": [-0.9995430707931519, -0.007146213203668594, -0.029369303956627846, 0.026425544172525406, -0.6782991290092468, -0.7343104481697083, -0.014673645608127117, -0.7347510457038879, 0.678178071975708], "obj_id": 1}, {"cam_t_m2c": [-249.65338134765625, -108.27269744873047, 710.0361938476562], "cam_R_m2c": [-0.999917209148407, 0.012673632241785526, -0.0022611694876104593, -0.006968570873141289, -0.6805248856544495, -0.7326919436454773, -0.01082463376224041, -0.7326155304908752, 0.6805567741394043], "obj_id": 1}], "206": [{"cam_t_m2c": [-189.47581481933594, 68.72834777832031, 741.1874389648438], "cam_R_m2c": [-0.9973451495170593, 0.005334260407835245, 0.07262435555458069, -0.045117780566215515, -0.8280903100967407, -0.5587761998176575, 0.05715886503458023, -0.5605694055557251, 0.8261324167251587], "obj_id": 1}, {"cam_t_m2c": [236.19085693359375, 68.71485900878906, 739.47998046875], "cam_R_m2c": [-0.998371958732605, -0.002405080944299698, 0.056988053023815155, -0.03062429651618004, -0.8202915787696838, -0.5711249709129333, 0.04812042787671089, -0.5719403624534607, 0.8188825249671936], "obj_id": 1}], "207": [{"cam_t_m2c": [-189.31451416015625, 68.84761047363281, 741.5874633789062], "cam_R_m2c": [-0.9973676800727844, 0.005530523601919413, 0.07229753583669662, -0.04502711817622185, -0.8287765979766846, -0.5577649474143982, 0.05683378502726555, -0.5595520734786987, 0.8268441557884216], "obj_id": 1}, {"cam_t_m2c": [236.1793975830078, 68.58539581298828, 738.90771484375], "cam_R_m2c": [-0.9984543323516846, -0.0025927582755684853, 0.05551765486598015, -0.029628442600369453, -0.8203035593032837, -0.5711603164672852, 0.04702223464846611, -0.5719224214553833, 0.8189588785171509], "obj_id": 1}], "230": [{"cam_t_m2c": [164.92958068847656, -53.840660095214844, 766.3030395507812], "cam_R_m2c": [-0.9797866940498352, -0.023861797526478767, 0.19861671328544617, -0.15119630098342896, -0.561781644821167, -0.8133518099784851, 0.1309872418642044, -0.8269413709640503, 0.5468183755874634], "obj_id": 1}, {"cam_t_m2c": [-189.5527801513672, 68.71611785888672, 741.5149536132812], "cam_R_m2c": [-0.9976536631584167, 0.0036524543538689613, 0.06836524605751038, -0.04141927883028984, -0.8272992372512817, -0.5602323412895203, 0.054512299597263336, -0.5617495179176331, 0.8255094885826111], "obj_id": 1}], "235": [{"cam_t_m2c": [231.9330596923828, -109.0213623046875, 821.5973510742188], "cam_R_m2c": [-0.9475063681602478, -0.24820879101753235, 0.2015543133020401, -0.16755825281143188, -0.1514226794242859, -0.9741639494895935, 0.27231594920158386, -0.9567986726760864, 0.10188450664281845], "obj_id": 1}, {"cam_t_m2c": [-189.04116821289062, 68.86284637451172, 741.05615234375], "cam_R_m2c": [-0.9971892237663269, 0.004607433918863535, 0.07478275895118713, -0.04575963690876961, -0.8277819752693176, -0.5591807961463928, 0.05932742357254028, -0.5610311627388, 0.825666069984436], "obj_id": 1}], "242": [{"cam_t_m2c": [126.1841049194336, -90.8426284790039, 713.5914306640625], "cam_R_m2c": [-0.8690185546875, -0.18487468361854553, 0.45894238352775574, -0.3323999345302582, -0.46892452239990234, -0.8183031678199768, 0.36649289727211, -0.8636730313301086, 0.34605178236961365], "obj_id": 1}, {"cam_t_m2c": [-189.9447479248047, 68.50049591064453, 741.361328125], "cam_R_m2c": [-0.9975752234458923, 0.003886256832629442, 0.0694870725274086, -0.04214921593666077, -0.8282413482666016, -0.5587840676307678, 0.055380504578351974, -0.5603579878807068, 0.8263969421386719], "obj_id": 1}], "308": [{"cam_t_m2c": [-189.42291259765625, 68.85177612304688, 741.4268798828125], "cam_R_m2c": [-0.9975476861000061, 0.005743753165006638, 0.06975401192903519, -0.04379072040319443, -0.8286761045455933, -0.558012843132019, 0.05459839850664139, -0.5596989989280701, 0.8268954753875732], "obj_id": 1}, {"cam_t_m2c": [224.12159729003906, 61.2227897644043, 746.6378784179688], "cam_R_m2c": [-0.9933025240898132, 0.005057899281382561, 0.11543181538581848, -0.07016809284687042, -0.8201233148574829, -0.5678680539131165, 0.09179610759019852, -0.5721644163131714, 0.814985454082489], "obj_id": 1}], "309": [{"cam_t_m2c": [-189.02789306640625, 68.91563415527344, 741.1466064453125], "cam_R_m2c": [-0.9972769618034363, 0.006028193514794111, 0.07350128889083862, -0.0461905375123024, -0.8280073404312134, -0.558811366558075, 0.0574909970164299, -0.5606847405433655, 0.8260310888290405], "obj_id": 1}, {"cam_t_m2c": [225.08596801757812, 64.15818786621094, 744.4771118164062], "cam_R_m2c": [-0.992794930934906, 0.012090631760656834, 0.1192139983177185, -0.07909826934337616, -0.8134601712226868, -0.5762168765068054, 0.09000901132822037, -0.5814947485923767, 0.808555543422699], "obj_id": 1}], "325": [{"cam_t_m2c": [225.2986602783203, 63.12102127075195, 745.4814453125], "cam_R_m2c": [-0.9937002658843994, 0.003470890922471881, 0.1120167002081871, -0.06614452600479126, -0.8250301480293274, -0.5612042546272278, 0.09046929329633713, -0.56507807970047, 0.8200622200965881], "obj_id": 1}, {"cam_t_m2c": [-183.48394775390625, 69.0814437866211, 741.0267333984375], "cam_R_m2c": [-0.9979035258293152, -0.000656559772323817, 0.06471579521894455, -0.03593297675251961, -0.8260439038276672, -0.5624591708183289, 0.05382735654711723, -0.5636053681373596, 0.8242884874343872], "obj_id": 1}], "354": [{"cam_t_m2c": [-161.0530242919922, -74.1401138305664, 582.52685546875], "cam_R_m2c": [-0.9417484998703003, 0.2944859266281128, 0.16244332492351532, -0.30764347314834595, -0.5591500401496887, -0.7698745727539062, -0.1358869969844818, -0.7750028371810913, 0.6171753406524658], "obj_id": 1}, {"cam_t_m2c": [224.00730895996094, 62.7868766784668, 745.2035522460938], "cam_R_m2c": [-0.993658721446991, -0.0017281726468354464, 0.11242491006851196, -0.06208625063300133, -0.8251924514770508, -0.5614292621612549, 0.09374242275953293, -0.5648490786552429, 0.819852352142334], "obj_id": 1}], "361": [{"cam_t_m2c": [-157.0523223876953, -9.712315559387207, 660.663818359375], "cam_R_m2c": [-0.8442956805229187, 0.5357548594474792, 0.011467683129012585, -0.44340094923973083, -0.6864176988601685, -0.57639080286026, -0.30093252658843994, -0.4917290210723877, 0.8170937299728394], "obj_id": 1}, {"cam_t_m2c": [224.25291442871094, 63.04018020629883, 745.768310546875], "cam_R_m2c": [-0.9936482310295105, 0.0016948041738942266, 0.11251800507307053, -0.06488218903541565, -0.8255816102027893, -0.5605401396751404, 0.09194277971982956, -0.5642801523208618, 0.8204476237297058], "obj_id": 1}], "366": [{"cam_t_m2c": [-197.3677215576172, -76.80000305175781, 630.873046875], "cam_R_m2c": [-0.715334415435791, 0.5587475299835205, 0.41964012384414673, -0.6629835963249207, -0.35293152928352356, -0.6602211594581604, -0.22079278528690338, -0.7504934072494507, 0.6229044795036316], "obj_id": 1}, {"cam_t_m2c": [225.3487548828125, 62.90601348876953, 745.4981079101562], "cam_R_m2c": [-0.9936490654945374, 0.004328056238591671, 0.11244028061628342, -0.06710188090801239, -0.8249322772026062, -0.5612345337867737, 0.09032655507326126, -0.5652151107788086, 0.8199836015701294], "obj_id": 1}], "367": [{"cam_t_m2c": [-177.33169555664062, -73.36014556884766, 614.9710083007812], "cam_R_m2c": [-0.8345806002616882, 0.45406171679496765, 0.31193476915359497, -0.5217105150222778, -0.4696318209171295, -0.7122248411178589, -0.1768995076417923, -0.7571486830711365, 0.6288343071937561], "obj_id": 1}, {"cam_t_m2c": [224.5303497314453, 63.051456451416016, 744.674560546875], "cam_R_m2c": [-0.9939513802528381, 0.0039718374609947205, 0.1097489595413208, -0.06521154195070267, -0.8254323601722717, -0.560721755027771, 0.08836324512958527, -0.564487099647522, 0.8206986784934998], "obj_id": 1}]}