{"3": [{"cam_t_m2c": [-179.10496520996094, -63.69622802734375, 732.6161499023438], "cam_R_m2c": [-0.9918524622917175, 0.00925996620208025, 0.12705537676811218, -0.09203089028596878, -0.7417085766792297, -0.6643785238265991, 0.08808594942092896, -0.6706584692001343, 0.736517608165741], "obj_id": 1}, {"cam_t_m2c": [255.5868682861328, -59.27021789550781, 726.720703125], "cam_R_m2c": [-0.9966562390327454, 0.00038759526796638966, 0.08170729875564575, -0.05666961148381233, -0.7236688733100891, -0.6878166794776917, 0.058862440288066864, -0.6901471018791199, 0.7212711572647095], "obj_id": 1}], "6": [{"cam_t_m2c": [-178.7854766845703, -63.77324295043945, 732.4244384765625], "cam_R_m2c": [-0.9918810129165649, 0.008388766087591648, 0.12689265608787537, -0.09122176468372345, -0.7421569228172302, -0.663989245891571, 0.08860419690608978, -0.670173704624176, 0.7368965148925781], "obj_id": 1}, {"cam_t_m2c": [255.2176971435547, -59.36317443847656, 726.40234375], "cam_R_m2c": [-0.9966723322868347, -0.0008861729293130338, 0.08150702714920044, -0.0557023361325264, -0.7226289510726929, -0.688988208770752, 0.059509895741939545, -0.6912355422973633, 0.7201749682426453], "obj_id": 1}], "50": [{"cam_t_m2c": [79.2413101196289, -12.425901412963867, 588.5104370117188], "cam_R_m2c": [-0.7466330528259277, -0.18952682614326477, 0.6376665830612183, -0.4526466131210327, -0.5577040314674377, -0.6957566142082214, 0.4874937832355499, -0.8081124424934387, 0.33061155676841736], "obj_id": 1}, {"cam_t_m2c": [-184.39402770996094, -63.22233963012695, 733.011474609375], "cam_R_m2c": [-0.9881845116615295, -0.0010875370353460312, 0.15326489508152008, -0.1016564667224884, -0.743722677230835, -0.6607136130332947, 0.11470509320497513, -0.6684873700141907, 0.7348247170448303], "obj_id": 1}], "60": [{"cam_t_m2c": [-180.13525390625, -64.00464630126953, 732.6669311523438], "cam_R_m2c": [-0.9922259449958801, 0.008944154717028141, 0.12412753701210022, -0.09011779725551605, -0.7395163774490356, -0.6670787930488586, 0.08582792431116104, -0.6730790138244629, 0.7345734238624573], "obj_id": 1}, {"cam_t_m2c": [129.11524963378906, -22.25215721130371, 602.9322509765625], "cam_R_m2c": [-0.994049608707428, -0.07005462795495987, 0.08341358602046967, -0.03115961141884327, -0.5508900880813599, -0.8339959383010864, 0.10437697917222977, -0.8316324949264526, 0.5454291701316833], "obj_id": 1}], "89": [{"cam_t_m2c": [-143.9396209716797, 22.113609313964844, 608.869140625], "cam_R_m2c": [-0.9896660447120667, 0.13133080303668976, -0.057561200112104416, 0.04442676529288292, -0.10083712637424469, -0.993910551071167, -0.1363353729248047, -0.9861966967582703, 0.09396049380302429], "obj_id": 1}, {"cam_t_m2c": [245.97921752929688, -56.697689056396484, 725.4615478515625], "cam_R_m2c": [-0.9971299171447754, 0.0005679855239577591, 0.07570801675319672, -0.0527336560189724, -0.7227274775505066, -0.6891185641288757, 0.05432486906647682, -0.6911330819129944, 0.7206830382347107], "obj_id": 1}], "98": [{"cam_t_m2c": [246.09498596191406, -56.677249908447266, 724.4886474609375], "cam_R_m2c": [-0.9971871376037598, 0.0025593815371394157, 0.07490944117307663, -0.053656674921512604, -0.7222026586532593, -0.6895971894264221, 0.05233486369252205, -0.6916767954826355, 0.7203084826469421], "obj_id": 1}, {"cam_t_m2c": [-157.88368225097656, 1.4665604829788208, 619.1841430664062], "cam_R_m2c": [-0.9935302138328552, 0.07433664798736572, -0.08585935831069946, 0.05861477926373482, -0.31189724802970886, -0.9483060836791992, -0.09727318584918976, -0.9472033381462097, 0.3055221140384674], "obj_id": 1}], "100": [{"cam_t_m2c": [-174.76512145996094, -46.39194107055664, 614.7708740234375], "cam_R_m2c": [-0.6871709227561951, 0.579264223575592, -0.43846219778060913, 0.38571420311927795, -0.22054508328437805, -0.8958708047866821, -0.6156465411186218, -0.7847374081611633, -0.07187826931476593], "obj_id": 1}, {"cam_t_m2c": [246.41571044921875, -56.77915954589844, 725.0615844726562], "cam_R_m2c": [-0.9976001381874084, 0.003751498181372881, 0.06913777440786362, -0.050669729709625244, -0.7200689315795898, -0.6920500993728638, 0.04718773439526558, -0.6938924789428711, 0.7185308933258057], "obj_id": 1}], "104": [{"cam_t_m2c": [246.14244079589844, -56.85661315917969, 723.4334106445312], "cam_R_m2c": [-0.9975016713142395, 0.005084913223981857, 0.07045891135931015, -0.052501410245895386, -0.7206941246986389, -0.6912623047828674, 0.047264326363801956, -0.6932345032691956, 0.7191605567932129], "obj_id": 1}, {"cam_t_m2c": [-144.48304748535156, -83.85778045654297, 578.4865112304688], "cam_R_m2c": [-0.8586730360984802, 0.28502118587493896, -0.42596182227134705, 0.12127947062253952, -0.6945062279701233, -0.7091912627220154, -0.49796774983406067, -0.6606238484382629, 0.5617865920066833], "obj_id": 1}], "108": [{"cam_t_m2c": [254.99021911621094, -56.19828414916992, 725.0210571289062], "cam_R_m2c": [-0.9969030022621155, -0.010456112213432789, 0.07794222980737686, -0.04581988975405693, -0.7282770276069641, -0.6837491393089294, 0.06391291320323944, -0.6852028965950012, 0.7255425453186035], "obj_id": 1}, {"cam_t_m2c": [-64.44945526123047, -23.686555862426758, 477.0318908691406], "cam_R_m2c": [-0.9942058324813843, 0.08096963167190552, -0.07070097327232361, 0.036609649658203125, -0.3633502721786499, -0.9309329986572266, -0.10106652230024338, -0.9281273484230042, 0.3582807183265686], "obj_id": 1}], "116": [{"cam_t_m2c": [-261.05316162109375, -82.74519348144531, 748.1893920898438], "cam_R_m2c": [-0.5134327411651611, -0.03811490163207054, -0.8572829961776733, 0.57626873254776, -0.755551278591156, -0.3115394115447998, -0.6358469128608704, -0.6539798974990845, 0.4098891615867615], "obj_id": 1}, {"cam_t_m2c": [246.54559326171875, -56.879451751708984, 725.3627319335938], "cam_R_m2c": [-0.9977380037307739, 0.005149486009031534, 0.06702516973018646, -0.05010449141263962, -0.721680760383606, -0.690410315990448, 0.04481551796197891, -0.6922069191932678, 0.7203063368797302], "obj_id": 1}], "127": [{"cam_t_m2c": [-176.93934631347656, -62.71526336669922, 732.2864990234375], "cam_R_m2c": [-0.9952594041824341, 0.0057588499039411545, 0.09708575904369354, -0.06955874711275101, -0.7398324608802795, -0.6691856980323792, 0.06797343492507935, -0.6727665066719055, 0.7367257475852966], "obj_id": 1}, {"cam_t_m2c": [246.96730041503906, -57.52052307128906, 725.683349609375], "cam_R_m2c": [-0.998480498790741, 0.012686935253441334, 0.05362512916326523, -0.046396490186452866, -0.7185978293418884, -0.6938765048980713, 0.02973172813653946, -0.695310115814209, 0.7180946469306946], "obj_id": 1}], "134": [{"cam_t_m2c": [-196.47412109375, -59.55251693725586, 729.4308471679688], "cam_R_m2c": [-0.9976581335067749, 0.010743468068540096, 0.0675487071275711, -0.053482793271541595, -0.738152801990509, -0.6725102663040161, 0.0426362007856369, -0.6745479702949524, 0.7369987368583679], "obj_id": 1}, {"cam_t_m2c": [230.7176971435547, -61.451873779296875, 729.05224609375], "cam_R_m2c": [-0.9990701079368591, 0.0005011510220356286, 0.04311426728963852, -0.03006833977997303, -0.7247674465179443, -0.6883371472358704, 0.030902856960892677, -0.6889934539794922, 0.7241084575653076], "obj_id": 1}], "138": [{"cam_t_m2c": [-361.47991943359375, -9.563159942626953, 675.848876953125], "cam_R_m2c": [-0.9883295297622681, -0.02755773812532425, -0.14981797337532043, 0.1218835785984993, -0.7329992651939392, -0.6692208647727966, -0.09137426316738129, -0.6796711087226868, 0.7278035879135132], "obj_id": 1}, {"cam_t_m2c": [43.62459182739258, -86.08641052246094, 756.6004028320312], "cam_R_m2c": [-0.977678656578064, -0.008909770287573338, -0.20991697907447815, 0.14494971930980682, -0.7518667578697205, -0.6431841850280762, -0.15209898352622986, -0.6592548489570618, 0.7363755106925964], "obj_id": 1}], "183": [{"cam_t_m2c": [-114.93225860595703, -101.42132568359375, 734.4562377929688], "cam_R_m2c": [-0.9852888584136963, 0.0027623791247606277, 0.17087477445602417, -0.1208038479089737, -0.7184984683990479, -0.6849571466445923, 0.12088117748498917, -0.6955230236053467, 0.7082622647285461], "obj_id": 1}, {"cam_t_m2c": [309.4136962890625, -74.40824890136719, 710.0925903320312], "cam_R_m2c": [-0.9904157519340515, -0.013764789327979088, 0.13743047416210175, -0.08639220893383026, -0.7146044969558716, -0.6941733360290527, 0.10776360332965851, -0.6993931531906128, 0.7065664529800415], "obj_id": 1}], "197": [{"cam_t_m2c": [173.38589477539062, -133.1891326904297, 727.3892822265625], "cam_R_m2c": [-0.9994979500770569, -0.010156484320759773, -0.030009645968675613, 0.028878750279545784, -0.6816052198410034, -0.7311499714851379, -0.01302881259471178, -0.7316495776176453, 0.6815564036369324], "obj_id": 1}, {"cam_t_m2c": [-249.63206481933594, -108.29618072509766, 709.6209106445312], "cam_R_m2c": [-0.9999367594718933, 0.010926786810159683, -0.0026544895954430103, -0.005462428089231253, -0.6783638000488281, -0.7347058653831482, -0.009828665293753147, -0.734644889831543, 0.6783806085586548], "obj_id": 1}], "206": [{"cam_t_m2c": [-189.01231384277344, 68.82215881347656, 740.3820190429688], "cam_R_m2c": [-0.997525155544281, 0.0043581207282841206, 0.07017544656991959, -0.042811062186956406, -0.829380989074707, -0.557040810585022, 0.05577452853322029, -0.5586665272712708, 0.8275150060653687], "obj_id": 1}, {"cam_t_m2c": [235.61138916015625, 68.38829040527344, 737.1910400390625], "cam_R_m2c": [-0.9988041520118713, -0.0013079543132334948, 0.04887191951274872, -0.026789765805006027, -0.8215584754943848, -0.5694943070411682, 0.04089602082967758, -0.5701225996017456, 0.8205410242080688], "obj_id": 1}], "207": [{"cam_t_m2c": [-188.94239807128906, 68.9189682006836, 740.7167358398438], "cam_R_m2c": [-0.9975326657295227, 0.004989777226001024, 0.07002603262662888, -0.04319465905427933, -0.8299407362937927, -0.5561768412590027, 0.055342238396406174, -0.5578292608261108, 0.8281084895133972], "obj_id": 1}, {"cam_t_m2c": [235.6627960205078, 68.17234802246094, 736.7564086914062], "cam_R_m2c": [-0.998854398727417, -0.0013677669921889901, 0.047832660377025604, -0.026148108765482903, -0.8215582370758057, -0.5695246458053589, 0.04007629677653313, -0.5701228976249695, 0.820581316947937], "obj_id": 1}], "230": [{"cam_t_m2c": [163.3033905029297, -52.943756103515625, 756.2394409179688], "cam_R_m2c": [-0.9821423888206482, -0.02739672362804413, 0.18613378703594208, -0.13984252512454987, -0.5555306673049927, -0.819652259349823, 0.12585881352424622, -0.831044614315033, 0.5417789220809937], "obj_id": 1}, {"cam_t_m2c": [-189.27365112304688, 68.81637573242188, 740.6918334960938], "cam_R_m2c": [-0.9976545572280884, 0.0034837420098483562, 0.06836170703172684, -0.04117630049586296, -0.8283441066741943, -0.5587046146392822, 0.05468062311410904, -0.5602090954780579, 0.8265445828437805], "obj_id": 1}], "235": [{"cam_t_m2c": [236.2429656982422, -111.19085693359375, 837.3856201171875], "cam_R_m2c": [-0.9529204368591309, -0.24544069170951843, 0.1780489832162857, -0.15467332303524017, -0.1115918904542923, -0.9816432595252991, 0.26080402731895447, -0.9629673361778259, 0.06837505847215652], "obj_id": 1}, {"cam_t_m2c": [-188.69677734375, 69.01583862304688, 740.3509521484375], "cam_R_m2c": [-0.9974457025527954, 0.00408110162243247, 0.0713111087679863, -0.04324433580040932, -0.8291037678718567, -0.5574198365211487, 0.05684943497180939, -0.5590798258781433, 0.8271625638008118], "obj_id": 1}], "242": [{"cam_t_m2c": [123.41841125488281, -88.76897430419922, 699.4296264648438], "cam_R_m2c": [-0.877302348613739, -0.1671116054058075, 0.4499047100543976, -0.32548269629478455, -0.4817472994327545, -0.8136218786239624, 0.35270604491233826, -0.8602285385131836, 0.3682461380958557], "obj_id": 1}, {"cam_t_m2c": [-189.7075958251953, 68.71031951904297, 740.4620361328125], "cam_R_m2c": [-0.9975107908248901, 0.003719841130077839, 0.07041528075933456, -0.04239008203148842, -0.8296483159065247, -0.556674599647522, 0.05634915828704834, -0.5582737922668457, 0.8277409076690674], "obj_id": 1}], "308": [{"cam_t_m2c": [-189.1137237548828, 68.98416900634766, 740.6096801757812], "cam_R_m2c": [-0.9976754784584045, 0.005325852427631617, 0.06793680042028427, -0.042317233979701996, -0.8298442959785461, -0.5563880801200867, 0.05341372266411781, -0.5579696297645569, 0.8281406164169312], "obj_id": 1}, {"cam_t_m2c": [224.967041015625, 62.22762680053711, 745.4169311523438], "cam_R_m2c": [-0.9901793599128723, -0.01298764068633318, 0.13919812440872192, -0.07265260815620422, -0.8028625249862671, -0.591720700263977, 0.11944200098514557, -0.5960227251052856, 0.7940343022346497], "obj_id": 1}], "309": [{"cam_t_m2c": [-188.74166870117188, 69.11346435546875, 740.4146728515625], "cam_R_m2c": [-0.9975048899650574, 0.005668818484991789, 0.07037005573511124, -0.04399321973323822, -0.8294886350631714, -0.556788444519043, 0.05521481856703758, -0.5584949851036072, 0.8276682496070862], "obj_id": 1}, {"cam_t_m2c": [225.82632446289062, 63.69423294067383, 742.8757934570312], "cam_R_m2c": [-0.988335907459259, -0.023978114128112793, 0.1503901332616806, -0.07496462017297745, -0.7829954028129578, -0.6174938082695007, 0.1325611174106598, -0.6215652227401733, 0.7720649242401123], "obj_id": 1}], "325": [{"cam_t_m2c": [224.49305725097656, 62.7096061706543, 745.7113647460938], "cam_R_m2c": [-0.9930561780929565, 0.0002890158793888986, 0.11764106899499893, -0.06622347980737686, -0.8278778791427612, -0.5569854378700256, 0.09723147004842758, -0.5609084367752075, 0.822148323059082], "obj_id": 1}, {"cam_t_m2c": [-183.04981994628906, 69.3581771850586, 739.1416625976562], "cam_R_m2c": [-0.9978043437004089, -0.0045091984793543816, 0.06607728451490402, -0.03356624394655228, -0.8256309628486633, -0.56321120262146, 0.05709509924054146, -0.564192533493042, 0.8236667513847351], "obj_id": 1}], "354": [{"cam_t_m2c": [-150.7544403076172, -69.64696502685547, 547.0342407226562], "cam_R_m2c": [-0.916944682598114, 0.38235434889793396, 0.11409483104944229, -0.32377851009368896, -0.5458722114562988, -0.7727813720703125, -0.23319512605667114, -0.7455391883850098, 0.6243326663970947], "obj_id": 1}, {"cam_t_m2c": [223.9880828857422, 62.61375427246094, 745.2340698242188], "cam_R_m2c": [-0.9925358295440674, -0.005891724023967981, 0.12181141972541809, -0.06363262981176376, -0.8270668387413025, -0.5584902763366699, 0.10403665155172348, -0.56207275390625, 0.820518434047699], "obj_id": 1}], "361": [{"cam_t_m2c": [-149.38002014160156, -6.043820381164551, 613.9249877929688], "cam_R_m2c": [-0.782842755317688, 0.614495575428009, -0.0977366492152214, -0.46253544092178345, -0.6797799468040466, -0.5691750645637512, -0.41619497537612915, -0.4003678858280182, 0.8163867592811584], "obj_id": 1}, {"cam_t_m2c": [223.72019958496094, 62.7867431640625, 746.0406494140625], "cam_R_m2c": [-0.9927399158477783, -0.0011248677037656307, 0.12027506530284882, -0.06639368832111359, -0.8286886215209961, -0.5557580590248108, 0.10029573738574982, -0.5597087144851685, 0.8225976824760437], "obj_id": 1}], "366": [{"cam_t_m2c": [-191.53555297851562, -70.51641845703125, 621.5941162109375], "cam_R_m2c": [0.37949782609939575, -0.9241114854812622, 0.04471394419670105, 0.5436798930168152, 0.18364302814006805, -0.8189550638198853, 0.7485944032669067, 0.3351017236709595, 0.5721129775047302], "obj_id": 1}, {"cam_t_m2c": [224.82908630371094, 62.63153839111328, 745.798828125], "cam_R_m2c": [-0.9926726818084717, 0.00029118394013494253, 0.12083414196968079, -0.06802110373973846, -0.827850341796875, -0.5568097233772278, 0.0998704582452774, -0.5609490871429443, 0.8218041658401489], "obj_id": 1}], "367": [{"cam_t_m2c": [-183.06260681152344, -72.6771469116211, 638.8058471679688], "cam_R_m2c": [0.7132949233055115, -0.6841849684715271, 0.15199130773544312, 0.5057122707366943, 0.3522871136665344, -0.7874953746795654, 0.4852478802204132, 0.638580322265625, 0.597285270690918], "obj_id": 1}, {"cam_t_m2c": [224.0386505126953, 62.82949447631836, 745.0005493164062], "cam_R_m2c": [-0.9930524826049805, 0.0008611261728219688, 0.11766956001520157, -0.06657648086547852, -0.828648030757904, -0.5557969212532043, 0.09702803194522858, -0.5597695112228394, 0.8229482173919678], "obj_id": 1}]}